[gd_scene load_steps=15 format=3 uid="uid://c2cn81exi4yqx"]

[ext_resource type="Shader" uid="uid://bgakt42j7j2on" path="res://Water/Shaders/Terrain.gdshader" id="1_italc"]
[ext_resource type="Material" uid="uid://c3mh5p2w5s8g7" path="res://Water/Shaders/Water.tres" id="3_qumfl"]
[ext_resource type="Texture2D" uid="uid://b67a4e66obqlx" path="res://Scenes/AllSkyFree_Sky_EpicBlueSunset_Equirect.png" id="3_y2d7a"]
[ext_resource type="Script" uid="uid://cjvh266rl0j7j" path="res://Water/water_plane.gd" id="4_r08cw"]

[sub_resource type="SphereMesh" id="SphereMesh_cusnu"]

[sub_resource type="StandardMaterial3D" id="StandardMaterial3D_qumfl"]
albedo_color = Color(1, 0.333333, 0.333333, 1)

[sub_resource type="PanoramaSkyMaterial" id="PanoramaSkyMaterial_k7sfj"]
panorama = ExtResource("3_y2d7a")

[sub_resource type="Sky" id="Sky_2p17s"]
sky_material = SubResource("PanoramaSkyMaterial_k7sfj")

[sub_resource type="Environment" id="Environment_a76v2"]
background_mode = 2
sky = SubResource("Sky_2p17s")
ambient_light_source = 3
reflected_light_source = 2
volumetric_fog_density = 0.0

[sub_resource type="QuadMesh" id="QuadMesh_bnxbg"]
size = Vector2(20, 20)
subdivide_width = 200
subdivide_depth = 200
orientation = 1

[sub_resource type="FastNoiseLite" id="FastNoiseLite_aaygo"]
seed = 38
fractal_type = 0

[sub_resource type="NoiseTexture2D" id="NoiseTexture2D_ey57i"]
seamless = true
noise = SubResource("FastNoiseLite_aaygo")

[sub_resource type="ShaderMaterial" id="ShaderMaterial_q4a22"]
render_priority = 0
shader = ExtResource("1_italc")
shader_parameter/albedo = Color(0, 0.584314, 0, 1)
shader_parameter/noise = SubResource("NoiseTexture2D_ey57i")
shader_parameter/noise_scale = 50.0
shader_parameter/height_scale = 2.429

[sub_resource type="PlaneMesh" id="PlaneMesh_00287"]
size = Vector2(1, 1)
subdivide_width = 400
subdivide_depth = 400

[node name="Node3D" type="Node3D"]
transform = Transform3D(0.999997, 0.00183603, 0.00135851, -0.00183804, 0.999997, 0.00148084, -0.0013558, -0.00148333, 0.999998, 0, 0, 0)

[node name="Camera3D" type="Camera3D" parent="."]
transform = Transform3D(-0.943025, -0.00307868, -0.332709, -0.00406404, 0.999989, 0.00226579, 0.332699, 0.00348884, -0.943027, -5.72553, 0.958037, -1.96375)

[node name="DirectionalLight3D" type="DirectionalLight3D" parent="."]
transform = Transform3D(1, 3.81607e-05, -2.44179e-05, -2.66023e-05, 0.93082, 0.365478, 3.66836e-05, -0.365478, 0.93082, -2.55382, 3.50696, 1.39698e-09)

[node name="MeshInstance3D" type="MeshInstance3D" parent="."]
transform = Transform3D(0.999989, -0.00367808, -0.00270886, 0.00367003, 0.999988, -0.00296914, 0.00271975, 0.00295917, 0.999994, -4.72219, -0.114658, 0.00254413)
mesh = SubResource("SphereMesh_cusnu")
surface_material_override/0 = SubResource("StandardMaterial3D_qumfl")

[node name="WorldEnvironment" type="WorldEnvironment" parent="."]
environment = SubResource("Environment_a76v2")

[node name="Grid1" type="Node3D" parent="."]

[node name="Terrain" type="MeshInstance3D" parent="Grid1"]
transform = Transform3D(1, 6.13909e-12, 4.65661e-10, -4.36785e-10, 1, 0, 0, 0, 1, 0.00143895, -1.28867, -0.0011593)
mesh = SubResource("QuadMesh_bnxbg")
surface_material_override/0 = SubResource("ShaderMaterial_q4a22")

[node name="WaterPlane" type="MeshInstance3D" parent="Grid1"]
transform = Transform3D(20, 8.7539e-11, -1.78419e-29, -1.75078e-09, 1, 0, 1.78419e-29, 7.8093e-41, 20, 0.00229871, 0.00877783, 0)
mesh = SubResource("PlaneMesh_00287")
surface_material_override/0 = ExtResource("3_qumfl")
script = ExtResource("4_r08cw")
size = Vector2i(20, 20)
metadata/_custom_type_script = "uid://cjvh266rl0j7j"

[node name="Grid2" type="Node3D" parent="."]
transform = Transform3D(1, 6.13909e-12, 1.16415e-10, -8.75389e-11, 1, 0, 0, 0, 1, 20, 0.037, 0.027)

[node name="Terrain" type="MeshInstance3D" parent="Grid2"]
transform = Transform3D(1, 6.13909e-12, 4.65661e-10, -4.36785e-10, 1, 0, 0, 0, 1, 0.00143895, -1.28867, -0.0011593)
mesh = SubResource("QuadMesh_bnxbg")
surface_material_override/0 = SubResource("ShaderMaterial_q4a22")

[node name="WaterPlane" type="MeshInstance3D" parent="Grid2"]
transform = Transform3D(20, 8.7539e-11, -1.78419e-29, -1.75078e-09, 1, 0, 1.78419e-29, 7.8093e-41, 20, 0.00229871, 0.00877783, 0)
mesh = SubResource("PlaneMesh_00287")
surface_material_override/0 = ExtResource("3_qumfl")
script = ExtResource("4_r08cw")
size = Vector2i(20, 20)
metadata/_custom_type_script = "uid://cjvh266rl0j7j"
